maches-MacBook:Week-06-facility mache$ python submit.py 
==
== Facility Location Solution Submission 
==
Hello! These are the assignment parts that you can submit:
1) Facility Location Problem 1
2) Facility Location Problem 2
3) Facility Location Problem 3
4) Facility Location Problem 4
5) Facility Location Problem 5
6) Facility Location Problem 6
7) Facility Location Problem 7
8) Facility Location Problem 8
0) All
Please enter which part(s) you want to submit (0-8): 0
submit.py:217: DeprecationWarning: time.clock has been deprecated in Python 3.3 and will be removed from Python 3.8: use time.perf_counter or time.process_time instead
  start = time.clock()
submit.py:227: DeprecationWarning: time.clock has been deprecated in Python 3.3 and will be removed from Python 3.8: use time.perf_counter or time.process_time instead
  end = time.clock()
Submitting: 
3269821.32 1
7 7 7 7 7 7 6 7 7 7 10 7 7 7 7 7 7 6 7 7 7 7 7 7 7 7 21 7 7 7 7 7 7 16 7 7 11 6 7 7 7 7 7 7 7 7 7 7 7 7
Submitting: 
3732793.43 1
28 24 19 25 14 15 34 3 9 24 35 42 41 24 49 3 16 26 43 45 45 41 9 34 9 13 19 8 38 24 24 7 9 25 31 33 28 9 28 25 38 40 35 7 2 19 40 25 41 9 34 44 41 18 35 5 9 31 14 35 31 35 44 43 9 4 8 14 25 45 28 33 41 39 42 6 8 35 6 24 40 47 31 24 31 24 24 45 34 9 7 2 5 39 25 35 24 40 31 3 47 6 39 16 31 44 2 16 9 13 8 9 47 35 15 24 43 25 42 16 35 28 34 35 13 5 8 35 18 11 38 39 43 41 47 44 9 41 9 38 38 28 19 9 28 28 42 41 47 9 35 38 29 8 45 49 16 25 26 31 38 5 49 10 7 40 44 29 34 10 2 41 13 31 40 28 35 49 44 33 4 2 16 47 28 9 3 31 11 16 31 25 5 42 13 31 8 40 44 45
Submitting: 
1965.55 1
70 70 70 70 70 70 70 70 70 70 70 70 70 70 70 70 70 70 70 70 70 70 70 70 70 70 70 70 70 70 70 70 70 70 70 70 70 70 70 70 70 70 70 70 70 70 70 70 70 70 70 70 70 70 70 70 70 70 70 70 70 70 70 70 70 70 70 70 70 70 70 70 70 70 70 70 70 70 70 70 70 70 70 70 70 70 70 70 70 70 70 70 70 70 70 70 70 70 70 70
Submitting: 
24804540.46 1
29 91 51 66 37 34 51 37 37 37 91 37 29 37 51 66 34 51 78 91 51 51 66 51 51 51 66 51 34 37 66 78 91 91 29 29 48 37 51 37 48 91 51 66 66 51 51 29 48 34 51 51 51 51 37 51 51 91 91 51 51 34 37 34 37 29 51 48 51 91 51 34 51 51 48 51 78 34 51 51 34 29 34 78 51 66 66 66 48 51 51 34 29 78 91 29 66 37 37 51 48 29 51 91 51 51 29 91 91 91 51 51 51 66 51 29 51 37 51 51 78 51 51 37 51 91 66 48 51 37 29 66 51 37 51 34 51 48 48 29 51 66 51 66 91 37 78 51 78 51 78 51 51 34 51 29 51 51 51 37 37 37 51 29 66 51 34 29 29 51 48 48 37 91 34 51 37 66 34 51 29 34 51 66 51 91 51 37 34 66 51 29 37 78 51 51 37 34 37 51 51 51 29 51 37 66 37 48 37 34 51 91 51 51 51 91 37 91 91 91 66 66 66 29 34 51 51 78 37 37 51 37 91 66 51 29 37 66 51 51 66 34 37 34 29 66 34 51 51 37 66 37 34 51 34 51 51 37 66 51 78 29 51 66 91 51 48 29 91 66 66 29 48 51 37 66 37 51 48 51 91 29 78 78 34 37 51 34 66 91 29 51 51 78 51 48 51 91 51 66 34 66 34 78 66 34 91 37 34 48 51 91 34 34 66 51 34 37 66 51 78 29 51 51 29 51 51 51 78 37 29 29 51 51 51 34 51 51 91 78 51 51 51 66 48 29 78 37 51 34 51 37 66 91 51 37 48 51 91 51 48 51 66 37 37 51 66 78 37 51 37 51 51 66 51 51 66 51 91 91 51 51 66 37 29 29 37 91 51 66 51 37 91 29 51 51 66 34 66 34 29 91 37 51 51 34 29 51 51 91 51 51 51 91 51 51 29 48 51 51 37 51 51 66 37 51 48 78 51 37 66 51 51 66 29 51 29 51 66 37 51 34 48 48 51 51 51 51 37 37 51 37 66 51 66 34 51 37 51 34 51 51 66 37 66 51 51 34 51 29 48 66 34 51 29 51 51 48 37 78 51 66 51 29 51 78 37 37 34 51 51 91 51 48 91 91 66 66 78 37 34 37 66 66 51 29 37 78 51 51 51 66 91 37 34 51 51 48 34 51 51 66 51 51 66 51 51 51 37 29 91 51 48 51 34 34 34 51 51 51 51 51 34 51 91 48 51 66 51 51 51 78 91 51 51 78 66 51 51 66 37 78 51 29 48 51 37 91 51 51 91 51 48 78 37 29 48 37 91 51 66 51 34 78 66 78 34 34 37 37 78 51 37 37 37 29 34 37 34 51 29 37 34 37 66 51 48 51 34 51 78 66 37 29 51 37 78 48 29 66 37 51 34 37 51 91 51 66 51 51 37 37 29 51 34 29 37 51 37 78 34 37 51 37 37 37 34 51 51 51 78 78 91 91 51 34 51 34 51 66 48 37 51 51 51 48 34 51 78 37 78 51 51 37 48 51 29 91 37 51 34 48 29 37 51 51 37 66 37 91 51 51 51 29 51 37 66 34 34 91 37 51 34 51 48 51 34 51 66 37 29 29 37 34 29 78 51 37 51 51 91 91 29 51 37 34 51 37 34 51 37 51 66 51 37 34 66 29 51 29 51 51 66 37 37 91 29 51 78 34 29 37 51 34 51 91 66 51 51 51 37 51 51 78 66 51 91 51 29 34 51 48 91 51 37 66 66 51 51 37 51 51 51 51 37 48 51 51 91 51 34 51 91 66 51 37 66 29 29 29 51 34 51 51 29 37 91 29 66 51 29 91 48 37 51 29 37 48 51 91 66 51 66 37 66 34 34 51 91 91 51 51 78 48 51 51 37 51 51 51 51 91 29 51 51 51 51 66 48 78 51 66 51 51 34 51 51 91 51 91 51 66 78 37 37 91 51 51 29 51 37 34 48 51 51 78 37 51 29 91 78 37 51 37 37 29 51 51 51 29 34 51 51 51 51 51 37 78 51 51 48 37 51 37 51 29 51 37 51 48 37 51 34 78 51 66 34 66 66 37 66 91 29 51 29 78 51 51 91 66 51 34 29 48 51 51 37 37 51 34 51 29 37 91 51 34 37 48 51 66 51 51 34 51 91 29 91 51 34 91 34 34 34 91 66 48 37 48 37 29 91 51 37 66 78 37 48 51 91 29 37 51 51 51 51 78 29 91 51 78 66 51 51 51 51 34 91 51 91 37
Submitting: 
4711325.78 1
155 0 132 66 76 33 116 120 6 161 167 19 35 98 136 183 99 169 35 46 60 85 139 192 167 9 95 118 51 151 68 180 72 175 3 28 149 157 120 199 108 49 151 175 142 35 76 9 123 30 133 18 4 157 90 99 162 3 160 118 183 167 3 26 51 37 25 25 90 198 18 162 146 86 60 118 101 70 159 30 123 132 57 92 37 71 146 153 2 180 18 30 139 98 85 33 141 94 162 90 113 108 149 119 46 118 175 192 140 173 144 99 34 120 28 30 165 33 139 69 37 32 185 134 0 171 108 192 6 197 66 6 76 4 123 155 98 66 49 18 105 60 85 133 69 32 140 3 119 4 142 92 160 165 0 113 176 22 146 146 32 101 160 123 118 32 121 9 56 123 151 135 146 85 49 32 22 185 45 95 167 9 60 94 199 139 177 177 151 151 118 26 178 60 49 26 35 100 185 123 144 68 9 119 176 183 136 86 19 173 121 114 28 25 68 94 4 180 165 116 92 72 175 28 99 34 165 134 60 186 55 177 32 2 160 114 99 6 94 159 85 133 123 118 167 37 100 95 100 105 197 45 151 35 45 133 134 134 172 90 89 9 7 152 101 28 186 144 133 30 198 85 126 153 126 173 4 98 19 132 119 34 137 161 162 45 169 2 100 116 113 123 56 114 37 0 157 167 189 152 151 70 180 94 113 52 159 46 70 76 18 120 175 26 189 197 26 169 157 137 28 199 185 169 116 199 101 86 135 141 116 120 118 198 159 22 25 51 30 35 144 22 134 178 114 71 70 89 161 3 19 69 171 168 69 185 185 135 108 35 90 141 25 89 126 183 126 116 171 79 51 189 34 101 197 92 70 68 92 79 0 71 116 100 66 57 165 119 153 69 51 157 133 89 0 178 161 180 98 178 76 140 90 45 35 180 137 79 105 192 151 79 175 183 162 94 169 113 189 178 139 92 9 120 0 159 70 198 197 151 116 120 155 144 68 71 69 52 153 159 186 188 6 3 159 7 188 57 57 60 18 99 7 37 52 183 19 173 157 26 188 34 7 34 132 173 22 159 167 136 136 142 137 26 46 152 25 25 22 71 141 126 70 144 101 113 114 144 68 137 113 89 171 30 141 56 135 146 3 172 132 186 46 144 186 52 69 119 0 188 149 144 45 89 45 176 22 197 162 95 100 160 114 22 175 7 188 123 180 9 19 119 178 3 144 9 159 7 45 186 144 123 70 177 168 173 71 140 120 60 72 160 159 71 192 177 2 167 70 142 139 135 161 186 173 86 6 108 92 146 94 66 101 34 55 32 92 176 95 34 72 168 135 2 68 149 198 180 186 137 28 160 185 89 172 176 140 101 146 142 157 114 160 139 114 183 94 66 197 188 46 171 71 183 157 3 119 141 108 108 171 72 7 98 33 6 33 95 4 177 165 192 3 160 26 0 135 176 101 134 185 72 149 199 192 198 180 121 94 49 134 121 199 66 72 197 162 185 92 68 173 121 189 167 57 165 2 134 35 95 142 95 141 133 7 51 26 137 57 19 72 60 46 126 85 45 136 30 71 86 178 197 37 171 178 56 185 167 142 66 34 168 175 32 100 165 55 153 199 57 4 114 146 51 2 19 66 72 19 157 51 180 101 173 98 118 4 28 52 56 90 85 9 34 114 52 51 60 186 34 60 185 60 76 186 144 28 189 137 153 161 30 69 139 183 76 157 168 37 57 79 185 116 173 172 140 94 7 52 185 168 56 133 183 105 51 152 69 32 175 113 33 169 105 26 189 33 141 139 0 86 157 199 108 178 79 22 114 56 105
Submitting: 
319019254.68 0
0 0 0 0 0 0 0 0 0 0 0 0 0 1 1 1 1 1 1 1 2 2 2 2 2 2 2 2 2 2 2 2 2 3 3 3 3 3 3 3 3 3 3 3 3 3 3 3 3 3 3 3 3 3 4 4 4 4 4 4 4 4 4 4 4 4 4 4 4 5 5 5 5 5 5 5 5 5 5 5 5 5 5 5 5 5 5 5 5 6 6 6 6 6 6 6 6 6 6 6 7 7 7 7 7 7 7 7 7 7 7 7 7 7 7 7 7 7 7 8 8 8 8 8 8 8 8 8 8 9 9 9 9 9 9 9 9 9 9 10 10 10 10 10 10 10 10 10 10 10 10 10 10 10 10 10 11 11 11 11 11 11 11 11 11 11 11 11 11 11 12 12 12 12 12 12 12 12 12 12 12 12 12 12 12 12 13 13 13 13 13 13 13 13 13 13 13 13 13 13 13 13 13 14 14 14 14 14 14 14 14 14 14 14 14 14 14 14 15 15 15 15 15 15 15 15 15 15 15 15 15 15 15 15 15 16 16 16 16 16 16 16 16 16 16 16 16 16 16 16 17 17 17 17 17 17 17 17 17 18 18 18 18 18 18 18 18 18 18 18 18 18 18 18 18 18 18 19 19 19 19 19 19 19 19 19 19 19 19 19 19 19 20 20 20 20 20 20 20 20 20 20 20 21 21 21 21 21 21 21 21 21 21 21 21 21 21 21 22 22 22 22 22 22 22 22 22 22 22 22 22 22 22 22 22 22 23 23 23 23 23 23 23 23 23 23 23 23 23 23 23 23 23 24 24 24 24 24 24 24 24 24 24 24 24 25 25 25 25 25 25 25 25 25 25 25 26 26 26 26 26 26 26 26 26 26 26 26 26 26 26 27 27 27 27 27 27 27 27 27 27 27 27 27 27 27 27 27 28 28 28 28 28 28 28 28 28 28 28 28 28 29 29 29 29 29 29 29 29 29 29 29 30 30 30 30 30 30 30 30 30 30 30 30 31 31 31 31 31 31 31 31 31 31 31 31 31 31 31 31 32 32 32 32 32 32 32 32 32 32 32 32 32 33 33 33 33 33 33 33 33 33 33 33 33 33 33 33 33 34 34 34 34 34 34 34 34 34 34 34 34 34 34 34 35 35 35 35 35 35 35 35 35 35 36 36 36 36 36 36 36 36 36 36 36 36 37 37 37 37 37 37 37 37 37 37 37 37 37 37 38 38 38 38 38 38 38 38 38 38 38 39 39 39 39 39 39 39 39 39 39 39 39 39 39 39 39 40 40 40 40 40 40 40 40 40 40 40 40 41 41 41 41 41 41 41 41 41 41 41 41 41 41 41 41 41 42 42 42 42 42 42 42 42 42 42 42 42 42 42 42 42 43 43 43 43 43 43 43 43 43 43 43 43 43 43 44 44 44 44 44 44 44 44 44 44 44 44 45 45 45 45 45 45 45 45 45 45 45 45 45 46 46 46 46 46 46 46 46 46 46 46 46 46 46 46 46 46 46 46 46 47 47 47 47 47 47 47 47 47 47 47 47 47 47 47 47 47 48 48 48 48 48 48 48 48 48 48 48 48 49 49 49 49 49 49 49 49 49 49 49 49 49 49 49 49 49 50 50 50 50 50 50 50 50 50 50 50 50 51 51 51 51 51 51 51 51 51 51 51 51 51 51 51 52 52 52 52 52 52 52 52 52 52 52 52 52 52 52 52 52 52 52 52 52 52 53 53 53 53 53 53 53 53 53 53 53 53 53 54 54 54 54 54 54 54 54 54 54 54 54 54 54 54 54 55 55 55 55 55 55 55 55 55 55 55 55 55 55 56 56 56 56 56 56 56 56 56 57 57 57 57 57 57 57 57 57 57 57 57 57 57 57 57 57 57 57 58 58 58 58 58 58 58 58 58 58 58 58 58 58 58 59 59 59 59 59 59 59 59 59 59 59 59 60 60 60 60 60 60 60 60 60 60 60 60 60 60 60 60 60 60 61 61 61 61 61 61 61 61 61 61 61 61 61 61 61 61 61 62 62 62 62 62 62 62 62 62 62 62 62 62 63 63 63 63 63 63 63 63 63 63 63 63 63 63 64 64 64 64 64 64 64 64 64 64 64 64 64 64 65 65 65 65 65 65 65 65 65 65 65 65 66 66 66 66 66 66 66 66 66 66 66 66 66 66 66 67 67 67 67 67 67 67 67 67 67 68 68 68 68 68 68 68 68 68 68 68 68 68 69 69 69 69 69 69 69 69 69 69 69 69 70 70 70 70 70 70 70 70 70 70 70 70 70 71 71 71 71 71 71 71 71 72 72 72 72 72 72 72 72 72 72 72 73 73 73 73 73 73 73 73 73 73 73 73 73 73 73 74 74 74 74 74 74 74 74 74 74 74 74 75 75 75 75 75 75 75 75 75 75 75 75 75 75 76 76 76 76 76 76 76 76 76 76 76 76 77 77 77 77 77 77 77 77 77 77 77 77 77 77 78 78 78 78 78 78 78 78 78 78 78 78 78 78 78 79 79 79 79 79 79 79 79 79 79 79 79 80 80 80 80 80 80 80 80 80 80 80 80 80 80 81 81 81 81 81 81 81 81 81 81 81 81 81 81 81 81 82 82 82 82 82 82 82 82 82 82 82 82 82 82 82 82 83 83 83 83 83 83 83 83 83 83 83 83 83 83 84 84 84 84 84 84 84 84 84 84 84 84 85 85 85 85 85 85 85 85 85 85 86 86 86 86 86 86 86 86 86 86 86 86 86 86 86 86 86 86 87 87 87 87 87 87 87 87 87 87 87 87 87 87 87 87 88 88 88 88 88 88 88 88 88 88 88 88 88 88 88 88 89 89 89 89 89 89 89 89 89 89 89 89 89 89 89 89 89 89 89 89 89 90 90 90 90 90 90 90 90 90 90 90 90 90 91 91 91 91 91 91 91 91 91 91 91 91 91 91 91 91 91 92 92 92 92 92 92 92 92 92 92 92 92 92 92 92 92 92 92 92 92 93 93 93 93 93 93 93 93 93 93 93 93 93 93 93 93 93 93 94 94 94 94 94 94 94 94 94 94 94 94 95 95 95 95 95 95 95 95 95 95 95 95 95 95 95 95 95 96 96 96 96 96 96 96 96 96 96 96 96 97 97 97 97 97 97 97 97 97 97 97 97 97 98 98 98 98 98 98 98 98 98 98 98 98 98 98 98 98 99 99 99 99 99 99 99 99 99 99 99 99 100 100 100 100 100 100 100 100 100 100 100 100 100 100 100 101 101 101 101 101 101 101 101 101 101 101 101 101 101 101 101 101 101 102 102 102 102 102 102 102 102 102 102 102 102 103 103 103 103 103 103 103 103 103 103 103 103 103 104 104 104 104 104 104 104 104 104 104 104 104 104 105 105 105 105 105 105 105 105 105 106 106 106 106 106 106 106 106 106 106 106 106 106 106 106 107 107 107 107 107 107 107 107 107 107 107 107 108 108 108 108 108 108 108 108 108 108 108 108 109 109 109 109 109 109 109 109 109 109 109 109 109 109 109 109 109 109 110 110 110 110 110 110 110 110 110 110 110 110 111 111 111 111 111 111 111 111 111 111 111 111 111 111 112 112 112 112 112 112 112 112 112 112 112 112 112 112 113 113 113 113 113 113 113 113 113 113 113 113 113 113 113 114 114 114 114 114 114 114 114 114 114 114 115 115 115 115 115 115 115 115 115 115 115 115 115 115 115 115 116 116 116 116 116 116 116 116 116 116 116 116 116 116 116 116 116 116 116 117 117 117 117 117 117 117 117 117 117 117 117 118 118 118 118 118 118 118 118 118 118 118 118 118 118 118 118 118 118 119 119 119 119 119 119 119 119 119 119 119 119 119 119 119 119 119 119 120 120 120 120 120 120 120 120 120 120 120 120 120 120 120 120 121 121 121 121 121 121 121 121 121 121 121 121 121 121 121 121 121 122 122 122 122 122 122 122 122 122 122 122 122 122 122 122 123 123 123 123 123 123 123 123 123 123 123 123 123 123 123 124 124 124 124 124 124 124 124 124 124 124 124 124 124 124 125 125 125 125 125 125 125 125 125 125 125 125 125 125 125 126 126 126 126 126 126 126 126 126 127 127 127 127 127 127 127 127 127 127 127 127 127 127 128 128 128 128 128 128 128 128 128 128 128 128 129 129 129 129 129 129 129 129 129 129 129 129 130 130 130 130 130 130 130 130 130 130 130 130 130 130 130 130 131 131 131 131 131 131 131 131 131 131 131 131 131 132 132 132 132 132 132 132 132 132 132 132 132 132 132 132 132 133 133 133 133 133 133 133 133 133 133 133 133 134 134 134 134 134 134 134 134 134 134 134 134 134 135 135 135 135 135 135 135 135 135 135 135 135 135 135 135 135 135 136 136 136 136 136 136 136 136 136 136 137 137 137 137 137 137 137 137 137 137 137 137 137 137 137 137 137 138 138 138 138 138 138 138 138 138 138 138 138 138 138 138 139 139 139 139 139 139 139 139 139 139 139 139 139 139 139 139 139 139 140 140 140 140 140 140 140 140 140 140 140 140 140 140 141 141 141 141 141 141 141 141 141 141 141 141 141 142 142 142 142 142 142 142 142 142 142 142 142 142 143 143 143 143 143 143 143 143 143 143 143 143 143 143 144 144 144 144 144 144 144 144 144 144 144 144 144 144 144 144 144 145 145 145 145 145 145 145 145 145 145 145 145 145 145 145 145 146 146 146 146 146 146 146 146 146 146 146 146 146 146 147 147 147 147 147 147 147 147 147 147 147 147 147 147 147 147 148 148 148 148 148 148 148 148 148 148 148 148 148 148 148 149 149 149 149 149 149 149 149 149 149 149 150 150 150 150 150 150 150 150 150 150 150 150 150 150 150 150 151 151 151 151 151 151 151 151 151 151 151 151 151 151 152 152 152 152 152 152 152 152 152 152 152 152 152 152 152 152 153 153 153 153 153 153 153 153 153 153 153 153 153 153 154 154 154 154 154 154 154 154 154 154 154 154 154 154 154 154 154 154 154 155 155 155 155 155 155 155 155 155 155 155 155 155 155 155 155 156 156 156 156 156 156 156 156 156 156 156 156 156 156 157 157 157 157 157 157 157 157 157 157 157 157 157 157 157 157 157 158 158 158 158 158 158 158 158 158 158 158 158 159 159 159 159 159 159 159 159 159 159 159 159 159 159 160 160 160 160 160 160 160 160 160 160 160 160 160 160 160 161 161 161 161 161 161 161 161 161 161 161 161 161 161 161 162 162 162 162 162 162 162 162 162 162 162 162 162 162 162 162 162 162 162 163 163 163 163 163 163 163 163 163 163 163 163 163 163 164 164 164 164 164 164 164 164 164 164 164 164 164 165 165 165 165 165 165 165 165 165 165 165 166 166 166 166 166 166 166 166 166 166 166 167 167 167 167 167 167 167 167 167 167 167 167 167 167 167 168 168 168 168 168 168 168 168 168 168 168 168 168 168 168 168 169 169 169 169 169 169 169 169 169 169 169 169 170 170 170 170 170 170 170 170 170 170 170 170 170 170 170 171 171 171 171 171 171 171 171 171 171 171 171 171 171 171 172 172 172 172 172 172 172 172 172 172 172 172 172 172 172 172 172 172 173 173 173 173 173 173 173 173 173 173 173 173 173 173 173 174 174 174 174 174 174 174 174 174 174 174 174 174 174 174 174 175 175 175 175 175 175 175 175 175 175 175 175 176 176 176 176 176 176 176 176 176 176 176 176 176 176 176 177 177 177 177 177 177 177 177 177 177 177 177 178 178 178 178 178 178 178 178 178 178 178 178 178 178 179 179 179 179 179 179 179 179 179 179 179 179 179 179 179 180 180 180 180 180 180 180 180 180 180 180 180 181 181 181 181 181 181 181 181 181 181 181 181 182 182 182 182 182 182 182 182 182 182 182 182 183 183 183 183 183 183 183 183 183 183 183 183 183 183 184 184 184 184 184 184 184 184 184 184 184 184 184 184 185 185 185 185 185 185 185 185 185 185 186 186 186 186 186 186 186 186 186 186 186 186 186 186 186 186 186 186 186 186 187 187 187 187 187 187 187 187 187 187 187 187 187 187 187 187 187 187 188 188 188 188 188 188 188 188 188 188 188 188 188 188 188 188 188 188 189 189 189 189 189 189 189 189 189 189 189 189 189 189 189 190 190 190 190 190 190 190 190 190 190 190 190 190 190 190 191 191 191 191 191 191 191 191 191 191 191 191 191 191 191 191 191 192 192 192 192 192 192 192 192 192 192 192 192 192 192 192 193 193 193 193 193 193 193 193 193 193 193 193 193 193 194 194 194 194 194 194 194 194 194 194 194 195 195 195 195 195 195 195 195 195 195 196 196 196 196 196 196 196 196 196 196 196 196 196 196 197 197 197 197 197 197 197 197 197 197 198 198 198 198 198 198 198 198 198 198 198 198 199 199 199 199 199 199 199 199 199 199 199 200 200 200 200 200 200 200 200 200 200 200 200 200 200 200 200 201 201 201 201 201 201 201 201 201 201 201 201 201 201 201 202 202 202 202 202 202 202 202 202 202 202 202 202 202 203 203 203 203 203 203 203 203 203 203 203 203 203 203 203 204 204 204 204 204 204 204 204 204 204 204 204 205 205 205 205 205 205 205 205 205 205 205 205 205 205 205 206 206 206 206 206 206 206 206 206 206 206 206 206 206 206 206 206 206 206 207 207 207 207 207 207 207 207 207 207 207 207 207 207 207 207 208 208 208 208 208 208 208 208 208 208 208 208 208 208 209 209 209
Submitting: 
158794658.89 0
0 0 0 0 0 1 1 1 1 1 2 2 2 3 3 3 3 4 4 4 4 4 5 5 5 5 6 6 6 6 6 7 7 7 7 8 8 8 9 9 9 9 9 10 10 10 11 11 11 12 12 12 13 13 13 14 14 14 14 14 15 15 15 15 15 16 16 16 16 16 17 17 17 17 18 18 18 18 18 19 19 19 20 20 20 21 21 21 22 22 22 22 22 23 23 23 23 24 24 24 25 25 25 25 26 26 26 26 27 27 27 28 28 28 28 29 29 29 29 30 30 30 30 31 31 31 31 32 32 33 33 33 33 34 34 34 35 35 35 35 36 36 36 36 37 37 37 38 38 38 38 38 39 39 39 40 40 40 41 41 41 41 41 42 42 42 42 43 43 43 43 44 44 44 44 45 45 45 46 46 46 46 47 47 47 48 48 48 48 49 49 49 49 50 50 50 50 51 51 51 52 52 52 52 52 53 53 53 53 54 54 54 55 55 55 55 56 56 56 56 56 57 57 57 58 58 58 58 59 59 59 59 59 60 60 60 60 61 61 61 61 61 62 62 62 62 62 63 63 63 63 63 64 64 64 65 65 65 66 66 66 66 67 67 67 67 67 68 68 68 68 68 69 69 69 69 69 70 70 70 71 71 71 72 72 72 72 73 73 73 74 74 74 74 74 75 75 75 75 76 76 76 76 77 77 77 77 77 78 78 78 79 79 79 79 79 80 80 80 80 80 81 81 81 81 82 82 82 83 83 83 83 83 84 84 84 85 85 85 85 85 85 86 86 86 86 87 87 87 87 87 88 88 88 88 89 89 89 89 89 90 90 90 90 90 91 91 91 92 92 92 92 93 93 93 93 93 94 94 94 94 95 95 95 95 96 96 96 96 97 97 97 97 97 98 98 98 98 99 99 99 100 100 100 100 101 101 101 101 102 102 102 103 103 103 103 103 104 104 104 104 104 104 105 105 105 105 106 106 106 107 107 107 107 107 108 108 108 108 109 109 109 109 110 110 110 110 111 111 111 111 112 112 112 112 113 113 113 113 114 114 114 114 114 115 115 115 115 116 116 116 117 117 117 117 118 118 118 118 118 119 119 119 119 120 120 120 120 121 121 121 122 122 122 122 123 123 123 124 124 124 124 124 124 125 125 126 126 126 126 126 127 127 127 127 127 128 128 128 128 129 129 129 129 130 130 130 131 131 131 131 132 132 132 132 133 133 133 133 134 134 134 134 134 135 135 135 136 136 136 136 136 137 137 137 137 138 138 138 139 139 139 139 139 140 140 140 141 141 141 142 142 142 142 143 143 143 143 144 144 144 144 145 145 145 145 145 146 146 146 147 147 147 147 147 148 148 148 149 149 149 149 149 150 150 150 150 151 151 151 151 152 152 152 153 153 153 154 154 154 155 155 155 155 155 156 156 156 156 157 157 158 158 158 158 159 159 159 159 160 160 160 160 160 161 161 161 162 162 162 163 163 163 164 164 164 164 164 165 165 165 166 166 166 166 167 167 167 167 168 168 168 168 168 169 169 169 170 170 170 170 171 171 171 171 172 172 172 172 172 173 173 173 173 173 174 174 174 174 174 175 175 175 175 176 176 176 176 176 177 177 177 177 178 178 178 178 179 179 179 179 180 180 180 180 181 181 181 181 182 182 182 182 183 183 183 184 184 184 184 184 185 185 185 186 186 186 186 187 187 187 187 188 188 188 188 189 189 189 189 190 190 190 190 190 191 191 191 191 191 192 192 192 193 193 193 193 194 194 194 194 194 195 195 195 195 196 196 196 197 197 197 197 198 198 198 199 199 199 199 199 200 200 200 200 200 201 201 201 201 202 202 202 202 203 203 203 203 203 204 204 204 204 204 204 205 205 205 205 206 206 206 206 206 207 207 207 208 208 208 208 208 209 209 209 209 210 210 210 211 211 211 211 212 212 212 213 213 213 213 213 214 214 214 215 215 215 216 216 216 216 217 217 217 217 217 218 218 218 218 219 219 219 220 220 220 221 221 221 222 222 222 223 223 223 223 223 224 224 224 224 225 225 225 226 226 226 227 227 227 227 227 228 228 228 228 228 228 228 229 229 229 229 230 230 230 231 231 231 231 232 232 233 233 233 233 233 234 234 234 234 235 235 235 235 235 235 236 236 236 236 236 237 237 237 237 238 238 238 238 239 239 239 240 240 241 241 241 242 242 242 243 243 243 243 244 244 244 244 245 245 245 245 246 246 246 246 247 247 247 248 248 248 249 249 249 249 249 250 250 250 251 251 251 251 251 251 252 252 252 252 253 253 253 253 254 254 254 254 255 255 255 255 256 256 256 257 257 257 257 258 258 258 258 259 259 259 259 260 260 260 260 261 261 261 261 261 262 262 262 262 263 263 263 264 264 264 264 265 265 265 265 266 266 267 267 267 268 268 268 268 269 269 269 270 270 270 270 271 271 272 272 272 272 272 273 273 273 273 274 274 274 274 274 275 275 275 276 276 276 276 277 277 277 278 278 278 279 279 279 279 280 280 280 280 281 281 281 282 282 282 283 283 283 283 284 284 284 284 284 285 285 285 285 286 286 286 286 286 287 287 287 287 288 288 288 288 289 289 289 289 289 290 290 290 290 291 291 291 291 292 292 292 292 293 293 293 293 293 294 294 294 295 295 295 295 296 296 296 296 297 297 297 297 298 298 298 299 299 299 300 300 301 301 301 302 302 302 303 303 303 304 304 304 304 305 305 305 305 305 306 306 306 306 307 307 308 308 308 308 309 309 309 309 310 310 310 310 311 311 311 311 312 312 312 312 312 313 313 313 313 314 314 314 314 315 315 315 315 315 316 316 316 316 317 317 317 317 317 318 318 318 318 318 319 319 319 320 320 320 320 321 321 321 322 322 322 322 322 323 323 323 323 324 324 324 325 325 325 325 325 326 326 326 326 327 327 327 327 327 328 328 328 328 329 329 329 329 329 329 330 330 330 330 331 331 331 331 331 332 332 333 333 333 333 333 334 334 334 335 335 335 336 336 337 337 337 337 338 338 338 338 338 339 339 339 339 339 340 340 340 340 341 341 341 341 342 342 342 342 343 343 343 343 344 344 344 345 345 345 346 346 346 346 347 347 347 348 348 348 348 348 349 349 349 349 350 350 350 351 351 351 351 351 352 352 352 352 353 353 353 353 354 354 354 354 355 355 355 355 355 355 355 356 356 356 356 357 357 357 357 358 358 358 358 358 359 359 359 359 359 360 360 360 360 360 361 361 361 361 362 362 362 362 362 363 363 363 363 363 364 364 364 364 365 365 365 365 366 366 366 366 367 367 367 367 368 368 368 368 368 369 369 369 370 370 370 371 371 371 371 372 372 372 372 372 372 373 373 373 373 374 374 374 375 375 375 376 376 376
Submitting: 
107648724.89 0
0 0 0 1 1 1 2 2 3 3 3 4 4 4 4 4 5 5 5 5 6 6 6 6 7 7 7 7 8 8 8 8 9 9 9 10 10 10 10 11 11 11 12 12 12 12 13 13 13 14 14 14 14 15 15 15 15 16 16 16 16 17 17 17 17 18 18 18 18 19 19 19 20 20 20 20 21 21 21 22 22 22 23 23 23 24 24 24 24 25 25 25 25 26 26 26 27 27 28 28 28 29 29 29 29 29 30 30 30 31 31 31 32 32 32 32 33 33 33 34 34 34 34 35 35 35 35 35 36 36 36 37 37 37 37 38 38 38 38 38 39 39 39 40 40 40 40 40 41 41 41 41 42 42 42 43 43 44 44 44 44 45 45 45 45 46 46 46 46 47 47 47 48 48 48 49 49 49 50 50 50 51 51 51 52 52 52 53 53 53 54 54 54 55 55 55 56 56 56 57 57 57 57 58 58 58 58 59 59 59 59 60 60 60 60 61 61 61 62 62 62 62 62 63 63 63 64 64 64 64 65 65 66 66 66 67 67 67 68 68 68 69 69 69 69 70 70 70 70 71 71 71 71 72 72 72 72 73 73 73 73 73 74 74 74 75 75 75 76 76 77 77 77 77 78 78 78 78 79 79 79 79 80 80 80 80 81 81 81 81 82 82 82 82 83 83 83 83 84 84 84 85 85 85 86 86 86 86 87 87 87 87 87 88 88 88 89 89 89 90 90 90 90 91 91 91 91 92 92 92 92 92 93 93 93 93 94 94 94 95 95 95 96 96 96 96 97 97 97 98 98 98 99 99 99 99 100 100 100 100 101 101 102 102 102 102 103 103 103 103 104 104 104 105 105 105 105 106 106 106 107 107 107 107 107 108 108 108 109 109 109 109 110 110 110 111 111 111 111 112 112 112 112 112 113 113 113 114 114 114 115 115 115 116 116 117 117 117 117 118 118 118 118 118 119 119 119 119 120 120 120 121 121 121 122 122 122 122 123 123 124 124 124 124 125 125 125 126 126 126 126 127 127 128 128 128 129 129 129 130 130 130 131 131 131 131 132 132 132 132 133 133 134 134 134 135 135 135 136 136 136 136 137 137 137 138 138 138 138 139 139 139 139 140 140 140 140 141 141 141 141 142 142 142 143 143 143 144 144 144 145 145 145 146 146 146 146 147 147 147 148 148 149 149 149 149 150 150 150 151 151 151 152 152 152 152 153 153 153 153 154 154 155 155 155 156 156 156 157 157 157 157 158 158 158 159 159 159 160 160 160 160 160 161 161 161 162 162 163 163 163 164 164 165 165 165 166 166 166 167 167 167 167 168 168 168 169 169 169 169 170 170 170 171 171 172 172 173 173 173 173 174 174 174 175 175 176 176 177 177 177 178 178 178 178 179 179 179 179 180 180 180 180 181 181 181 181 182 182 182 182 182 183 183 183 184 184 184 184 184 185 185 185 185 186 186 187 187 187 188 188 188 188 189 189 189 190 190 190 191 191 191 192 192 192 193 193 193 193 194 194 194 194 195 195 195 196 196 196 196 197 197 197 197 198 198 198 198 198 199 199 199 199 200 200 201 201 201 202 202 202 202 203 203 203 203 203 204 204 204 204 205 205 205 205 206 206 206 207 207 207 208 208 209 209 209 209 210 210 210 210 211 211 211 211 211 212 212 212 212 213 213 213 213 214 214 214 214 215 215 216 216 216 217 217 217 218 218 218 219 219 219 220 220 220 221 221 221 222 222 222 222 223 223 223 224 224 224 225 225 225 226 226 226 226 227 227 227 228 228 228 228 229 229 229 230 230 230 230 231 231 231 231 232 232 232 232 233 233 234 234 234 235 235 235 235 236 236 236 237 237 237 237 237 237 238 238 238 238 239 239 239 240 240 240 240 241 241 242 242 242 243 243 243 243 243 244 244 244 244 245 245 245 246 246 246 246 247 247 247 247 248 248 248 249 249 250 250 250 250 251 251 251 252 252 252 253 253 253 254 254 254 255 255 256 256 256 256 257 257 257 257 258 258 258 258 259 259 259 260 260 260 261 261 261 261 262 262 262 262 263 263 263 264 264 264 264 265 265 266 266 266 267 267 267 267 268 268 268 268 269 269 269 270 270 270 271 271 271 271 272 272 272 273 273 273 274 274 274 274 275 275 275 275 276 276 276 276 277 277 278 278 278 279 279 279 279 280 280 280 281 281 281 281 282 282 282 283 283 283 283 284 284 284 285 285 285 285 286 286 286 287 287 287 287 288 288 288 289 289 290 290 290 290 290 291 291 291 291 292 292 292 293 293 293 294 294 294 294 295 295 295 296 296 296 296 296 297 297 297 297 297 298 298 298 298 298 299 299 300 300 300 301 301 302 302 302 302 303 303 303 303 304 304 305 305 305 305 306 306 306 307 307 307 308 308 308 309 309 309 309 310 310 310 311 311 311 311 312 312 312 313 313 313 313 314 314 314 315 315 315 315 315 316 316 316 316 317 317 317 318 318 318 318 319 319 320 320 320 321 321 321 322 322 322 323 323 323 324 324 324 325 325 325 325 326 326 326 326 327 327 327 327 327 328 328 328 328 329 329 329 329 329 329 330 330 330 331 331 331 331 332 332 332 333 333 333 334 334 334 335 335 335 336 336 336 336 337 337 337 337 338 338 338 338 338 339 339 339 340 340 340 340 340 341 341 341 342 342 342 342 343 343 343 344 344 345 345 345 346 346 346 347 347 347 347 348 348 348 348 349 349 350 350 350 351 351 351 352 352 352 352 353 353 353 354 354 354 355 355 355 356 356 356 357 357 357 358 358 359 359 359 359 360 360 360 360 361 361 361 362 362 362 363 363 363 363 364 364 364 364 364 365 365 365 365 366 366 367 367 367 367 368 368 368 368 369 369 369 370 370 370 371 371 371 372 372 372 373 373 373 373 373 374 374 374 375 375 375 375 376 376 377 377 377 378 378 378 378 379 379 379 379 380 380 380 381 381 382 382 382 383 383 383 384 384 384 385 385 385 386 386 386 387 387 387 387 388 388 388 389 389 389 390 390 390 391 391 391 391 392 392 393 393 393 393 394 394 394 395 395 395 396 396 396 397 397 397 398 398 398 399 399 399 399 400 400 400 400 401 401 401 402 402 403 403 403 404 404 404 404 405 405 406 406 406 406 407 407 407 407 408 408 408 409 409 409 409 409 410 410 410 411 411 411 412 412 412 413 413 413 414 414 414 414 415 415 416 416 416 417 417 417 417 417 418 418 418 418 419 419 419 419 420 420 420 420 421 421 421 422 422 422 422 423 423 423 423 424 424 424 424 425 425 425 426 426 427 427 427 428 428 428 428 429 429 429 429 430 430 430 430 431 431 431 432 432 432 433 433 433 434 434 434 434 435 435 435 435 436 436 436 436 437 437 437 437 437 438 438 438 439 439 439 440 440 440 441 441 441 442 442 442 443 443 443 444 444 444 444 444 445 445 446 446 446 447 447 447 447 448 448 449 449 449 450 450 450 450 451 451 451 451 452 452 452 453 453 454 454 454 454 455 455 455 456 456 456 456 457 457 457 457 458 458 458 459 459 459 459 460 460 461 461 461 461 462 462 462 462 463 463 463 463 464 464 465 465 465 465 466 466 466 466 467 467 467 467 468 468 468 468 469 469 469 469 470 470 470 471 471 471 471 472 472 472 472 473 473 473 473 474 474 474 474 474 475 475 475 475 476 476 476 476 477 477 477 477 478 478 478 479 479 479 480 480 480 480 481 481 482 482 482 482 483 483 483 483 483 484 484 484 484 485 485 485 485 486 486 486 486 486 487 487 487 488 488 489 489 489 489 490 490 490 491 491 491 491 492 492 492 493 493 493 493 493 494 494 494 494 495 495 495 495 495 496 496 496 497 497 497 498 498 498 498 499 499 499 499 499 500 500 500 500 501 501 502 502 502 503 503 503 504 504 504 505 505 505 506 506 506 506 507 507 507 507 508 508 508 509 509 509 510 510 510 510 511 511 511 511 512 512 512 513 513 513 514 514 514 514 515 515 515 515 515 516 516 516 517 517 517 518 518 518 518 519 519 519 519 520 520 520 520 521 521 521 521 522 522 522 522 523 523 523 524 524 524 525 525 525 525 526 526 526 527 527 527 528 528 528 528 529 529 529 529 530 530 530 530 531 531 532 532 532 532 533 533 533 533 534 534 534 534 535 535 535 535 536 536 536 536 537 537 537 537 538 538 538 538 539 539 539 540 540 540 540 541 541 541 542 542 542 542 543 543 543 544 544 544 545 545 545 545 546 546 546 547 547 547 548 548 548 548 549 549 549 549 550 550 551 551 551 552 552 552 552 552 553 553 553 554 554 554 555 555 555 556 556 556 556 557 557 557 558 558 558 559 559 560 560 560 560 561 561 561 561 562 562 562 562 563 563 563 564 564 564 564 565 565 565 565 566 566 566 567 567 567 567 568 568 568 569 569 569 569 570 570 570 570 571 571 571 572 572 572 572 573 573 573 574 574 574 574 575 575 575 575 576 576 576

== Computations Complete ...
User Name (e-mail address): bianchetti.ml@gmail.com
Submission Token (from the assignment page): w1A1Vg82sALnpW6E

== Connecting to Coursera ...
Submitting 8 of 8 parts

== Coursera Responce ...
Your submission has been accepted and will be graded shortly.
maches-MacBook:Week-06-facility mache$ 